278014
554881
612314
192722
187019
264742
236120
169930
111370
174184
442265
489786
108124
256381
297584
133104
237856
158147
73694
1718
29534
30705
53290
75532
4194
1425
3513
689
5192
5337
15046
11051
3617
7679
6991
14637
4682
4900
15095
28905
17249
15103
17762
25420
114090
56419
14851
16029
10610
16145
10472
33715
49557
21418
6147
30931
19405
21561
11333
2664
612314
17549
29040
33138
7477
19221
5129
7852
6285
5006
7612
3861
20097
6750
4336
2683
1962
1386
1692
5555
2415
1640
2036
26742
29180
2738
2198
2300
2376
3734
5820
6005
3206
4578
5092
6167
14757
12927
6471
8750
13467
5760
6758
3147
1400
6424
2239
3173
1610
64528
25463
29218
6328
1028
3449
4585
2223
4731
4469
3524
2186
13095
17379
23204
24080
19538
9161
2633
1391
2529
26271
10216
40643
44095
42867
6568
8674
3057
8900
5434
11181
20988
4806
2420
35227
52421
12461
2434
14106
10689
4127
6574
5753
4314
5992
1607
2962
2487
1429
1347
2299
3701
6891
21276
42776
2480
1928
5991
5254
9859
4839
1818
1297
3484
1220
1291
966
83246
15127
9425
9042
13533
6150
10819
2281
905
1688
4754
7904
1659
5834
1817
14458
67599
127347
35063
3253
3187
2719
17185
17699
16695
10749
23802
10232
1189
11517
2805
3827
4748
2941
4343
520
853
10474
40439
220
8401
263400
3955
5236
11492
17962
2938
2762
13288
1050
6935
3419
962
1109
922
13958
8508
3803
2409
17648
4776
6381
22675
26139
4134
370
7522
6967
4414
4941
14664
2782
578
1687
11622
2314
855
1469
4223
2753
1344
2237
7337
1711
2209
5577
5033
3008
2785
2836
3046
12302
2703
3908
6133
2830
5949
1214
5678
7048
25461
44411
23775
3388
2591
8719
7811
4996
8705
10378
2206
1736
4599
1030
7658
4147
8249
7305
8960
6522
7422
3001
1987
1315
3285
9494
3434
5590
2578
3089
7198
5942
2081
1636
2178
3504
176133
4222
985
4404
4361
5106
1717
6549
4597
3263
979
1022
6752
2569
3921
11437
5600
2012
6153
15353
6895
5910
12745
4033
866
21294
12939
2508
22009
2608
3521
18902
14353
2642
1702
2158
1401
485
918
2404
1268
3673
676
1137
4201
5056
574
6675
48317
18446
1567
2031
7787
1255
510
1703
7351
2107
13264
1452
1455
1434
1813
4583
25613
1935
493
1322
6630
2006
1094
4719
9482
1999
2596
1777
1951
2171
1270
1358
2610
597
751
1381
10848
9037
7920
2701
4445
9960
5003
1112
23589
68881
3014
2945
459
1409
1125
1015
3874
2199
6579
3360
1189
1516
894
887
11307
5478
2360
3020
1899
2201
2870
4789
1288
2123
6128
9927
2918
19249
1090
1000
1001
1232
3234
3956
2752
1345
997
1022
2901
894
2074
9851
1718 